245663 110723 176566 159818 90248 186542 173165 113436 208771 171592 
222266 115423 147103 178481 122913 170274 195629 135205 181608 169784 
193764 120404 151416 133263 97542 168063 161794 115711 167706 129338 
166105 113811 167656 139591 79759 194583 154879 90084 142515 177906 
173524 139709 150288 128109 74280 152499 144019 125346 170298 144889 
172888 110976 136847 129685 54621 149190 140040 117094 181684 148556 
186179 129482 178403 123348 61414 185183 162011 123790 179575 148848 
234960 107153 170442 146074 87596 161561 155164 119054 179518 170831 
187797 89783 134930 118930 69842 168764 154005 90730 192123 145345 
234675 141017 189417 161668 114738 193702 180064 139896 188154 187818 
